R 1 1 4 2
R 1 1 5 2
R 1 2 3 5
R 1 2 5 1
R 1 3 5 3
R 1 4 3 5
B 1 4 4 1
R 1 4 5 5
L 1 5 1 2
R 1 5 3 3
R 1 5 3 4
R 2 1 1 5
R 2 1 5 4
L 2 3 1 3
R 2 3 2 5
R 2 3 4 2
R 2 3 4 4
R 2 3 5 3
L 2 4 3 2
R 2 4 4 5
L 2 5 2 1
L 2 5 5 1
R 3 1 4 3
R 3 1 5 4
L 3 2 1 4
L 3 2 2 1
R 3 2 4 5
L 3 3 4 2
L 3 5 1 1
L 3 5 2 5
L 3 5 5 1
L 4 1 1 2
B 4 1 2 2
R 4 1 5 1
R 4 1 5 3
L 4 2 4 1
R 4 2 4 4
L 4 5 1 1
L 4 5 3 3
R 4 5 5 5
L 5 1 1 3
L 5 2 1 4
L 5 2 1 5
L 5 2 4 1
L 5 2 4 2
R 5 2 5 3
L 5 3 1 2
L 5 3 1 3
B 5 4 4 5
L 5 5 3 1
