R 1 1 1 4
R 1 2 1 5
R 1 2 5 3
R 1 3 3 4
R 1 3 4 3
L 1 4 3 1
R 2 1 5 1
R 2 3 3 3
L 2 3 4 1
R 2 3 5 2
R 2 5 3 5
R 3 1 1 5
B 3 1 3 1
R 3 1 4 2
R 3 1 4 4
B 3 2 3 2
R 3 2 4 4
R 3 3 5 2
R 3 3 5 3
L 3 4 4 2
L 3 4 5 1
L 3 5 4 3
L 4 1 1 3
R 4 1 4 2
R 4 1 5 2
B 4 2 4 2
L 4 3 5 1
L 4 4 2 2
L 4 4 4 2
R 4 4 4 5
L 4 5 1 5
L 4 5 2 4
L 4 5 2 5
L 5 1 2 1
R 5 1 2 4
L 5 1 3 1
R 5 1 3 3
L 5 1 4 1
L 5 2 1 1
L 5 2 3 3
L 5 3 1 2
L 5 3 2 3
L 5 3 2 5
L 5 4 1 1
L 5 4 2 4
L 5 4 3 4
L 5 4 4 2
L 5 4 4 3
L 5 5 3 3
L 5 5 5 3
