R 1 1 2 2
R 1 1 3 5
R 1 2 4 5
B 1 4 1 4
B 1 5 1 5
R 2 2 5 3
L 2 3 3 1
R 2 3 4 4
L 2 4 2 2
L 2 4 3 2
R 2 5 4 4
L 3 1 1 1
R 3 1 2 2
R 3 1 3 3
R 3 1 4 5
R 3 2 4 3
L 3 2 5 1
L 3 3 3 2
R 3 3 5 3
L 3 4 1 1
L 3 4 5 1
L 3 4 5 2
L 3 5 1 1
B 4 1 2 2
R 4 1 2 4
R 4 1 3 4
R 4 1 5 2
R 4 2 3 5
B 4 2 4 2
R 4 2 4 3
R 4 2 5 5
L 4 3 2 1
L 4 3 2 3
R 4 3 4 4
L 4 4 2 2
L 4 4 4 1
L 4 5 4 1
L 5 1 3 1
L 5 2 1 5
L 5 2 3 3
R 5 2 3 5
R 5 2 4 3
L 5 3 2 3
B 5 3 5 3
L 5 4 2 2
L 5 4 2 3
L 5 4 4 4
L 5 5 3 2
L 5 5 4 2
L 5 5 4 5
