R 1 1 4 3
B 1 2 2 1
R 1 2 2 2
L 1 3 1 1
B 1 4 4 1
R 1 4 4 3
R 1 5 3 4
L 1 5 4 1
R 1 5 4 4
R 2 1 3 3
B 2 2 1 4
R 2 2 4 2
L 2 3 1 2
R 2 4 3 4
L 2 5 1 5
L 2 5 3 3
R 2 5 3 4
R 2 5 3 5
R 3 1 3 4
R 3 1 4 3
R 3 1 5 2
R 3 2 5 2
L 3 3 1 1
L 3 3 1 3
L 3 3 1 4
L 3 3 2 4
L 3 3 3 1
L 3 3 5 1
R 3 3 5 5
L 3 4 1 3
L 3 4 1 5
R 4 1 3 3
R 4 1 3 4
L 4 3 2 5
L 4 3 3 1
L 4 5 1 2
L 4 5 2 2
L 4 5 3 4
L 4 5 4 1
L 5 1 1 1
R 5 1 5 3
L 5 3 3 1
L 5 3 5 2
L 5 4 1 3
L 5 4 1 5
L 5 4 2 1
B 5 4 5 4
R 5 4 5 5
L 5 5 1 4
L 5 5 3 4
