R 1 1 3 5
R 1 2 2 3
R 1 2 2 5
R 1 2 4 4
R 1 2 5 1
R 1 3 1 5
R 1 4 2 4
R 1 4 2 5
R 1 4 3 5
R 1 5 5 5
R 2 1 1 4
R 2 1 3 2
R 2 2 3 2
L 2 3 3 1
R 2 3 4 4
L 2 3 5 1
R 2 3 5 5
L 2 4 1 4
R 2 4 3 3
R 2 4 5 3
L 2 5 1 1
L 2 5 1 5
L 2 5 2 2
L 2 5 4 1
B 3 1 1 3
R 3 1 1 5
R 3 1 4 1
R 3 1 5 2
R 3 2 3 3
R 3 3 5 3
L 3 4 1 3
B 3 4 4 3
L 3 5 1 1
L 3 5 4 2
R 4 1 4 3
L 4 2 3 2
R 4 2 5 2
R 4 2 5 3
L 4 4 1 2
L 4 4 2 2
L 4 5 1 4
B 5 1 1 5
R 5 1 2 3
L 5 1 3 1
B 5 1 5 1
L 5 2 1 5
R 5 2 4 3
L 5 3 1 1
L 5 4 5 3
L 5 5 3 2
